url_path,views_total,views_unique
/davefx/dfx-ha-history-editor,59,35
/davefx/dfx-ha-history-editor/issues,6,5
/davefx/dfx-ha-history-editor/releases,2,2
/davefx/dfx-ha-history-editor/commit/7369a28635e6d62acf28d30ddbb10d714fe0fb53,2,1
/davefx/dfx-ha-history-editor/blob/main/CONTRIBUTING.md,1,1
/davefx/dfx-ha-history-editor/blob/v1.3.0/DEBUG_GUIDE.md,1,1
/davefx/dfx-ha-history-editor/blob/v1.3.0/README.md,1,1
/davefx/dfx-ha-history-editor/commit/369c8b3762cf84b5eb82bbf5d5fa292c8f1cecf0,1,1
/davefx/dfx-ha-history-editor/commit/77038ea28434d6bd705067a2b085eb5f46f46565,1,1
/davefx/dfx-ha-history-editor/commit/7e0aabcb684b4da29eef87a18a21252bb8b8b892,1,1
